{
"width": 1920,
"height": 1080,
"right": 605,
"bottom": 183,
"left": 315,
"top": 135,
"opacity":1.0000000,
"messagex":0.220000,
"messagey":0.120000
}
