{
"width": 1920,
"height": 1080,
"right": 447,
"bottom": 191,
"left": 460,
"top": 132,
"opacity":1.0000000,
"messagex":0.220000,
"messagey":0.120000
}