{
"width": 1920,
"height": 1080,
"right": 410,
"bottom": 35,
"left": 410,
"top": 35,
"opacity":1.0000000,
"messagex":0.220000,
"messagey":0.120000
}