{
"width": 1920,
"height": 1080,
"right": 319,
"bottom": 145,
"left": 315,
"top": 83,
"opacity":1.0000000,
"messagex":0.220000,
"messagey":0.120000
}