{
"width": 1920,
"height": 1080,
"right": 433,
"bottom": 120,
"left": 426,
"top": 29,
"opacity":1.0000000,
"messagex":0.220000,
"messagey":0.120000
}