{
"width": 1920,
"height": 1080,
"right": 261,
"bottom": 101,
"left": 262,
"top": 85,
"opacity":1.0000000,
"messagex":0.220000,
"messagey":0.120000
}