{
"width": 1920,
"height": 1080,
"right": 240,
"bottom": 0,
"left": 240,
"top": 0,
"opacity":1.0000000,
"messagex":0.220000,
"messagey":0.120000
}
