{
"width": 1920,
"height": 1080,
"right": 477,
"bottom": 133
"left": 477,
"top": 52,
"opacity":1.0000000,
"messagex":0.220000,
"messagey":0.120000
}