{
"width": 1920,
"height": 1080,
"right": 256,
"bottom": 190,
"left": 256,
"top": 98,
"opacity":1.0000000,
"messagex":0.220000,
"messagey":0.120000
}
