{
"width": 1920,
"height": 1080,
"right": 629,
"bottom": 117,
"left": 627,
"top": 116,
"opacity":1.0000000,
"messagex":0.220000,
"messagey":0.120000
}