{
"width": 1920,
"height": 1080,
"right": 383,
"bottom": 206,
"left": 385,
"top": 203,
"opacity":1.0000000,
"messagex":0.220000,
"messagey":0.120000
}