{
"width": 1920,
"height": 1080,
"right": 156,
"bottom": 142,
"left": 508,
"top": 88,
"opacity":1.0000000,
"messagex":0.220000,
"messagey":0.120000
}